teta = [-1.0, -0.9591836734693878, -0.9183673469387755, -0.8775510204081634, -0.8367346938775511, -0.7959183673469388, -0.7551020408163265, -0.7142857142857143, -0.673469387755102, -0.6326530612244898, -0.5918367346938777, -0.5510204081632654, -0.5102040816326531, -0.4693877551020409, -0.42857142857142855, -0.38775510204081637, -0.34693877551020413, -0.3061224489795919, -0.26530612244897966, -0.22448979591836746, -0.18367346938775522, -0.14285714285714285, -0.10204081632653063, -0.06122448979591841, -0.020408163265306183, 0.02040816326530604, 0.06122448979591827, 0.10204081632653049, 0.14285714285714285, 0.18367346938775508, 0.22448979591836732, 0.26530612244897955, 0.30612244897959173, 0.34693877551020413, 0.3877551020408162, 0.42857142857142855, 0.46938775510204067, 0.5102040816326531, 0.5510204081632651, 0.5918367346938774, 0.6326530612244895, 0.6734693877551019, 0.7142857142857143, 0.7551020408163264, 0.7959183673469388, 0.8367346938775508, 0.8775510204081631, 0.9183673469387753, 0.9591836734693876, 1.0]

deg = [17, 17, 17, 17, 17, 17, 17, 1, 1, 1, 1, 1, 1, 1, 1, 1, 1, 1, 1, 1, 1, 1, 1, 1, 1, 1, 1, 1, 1, 1, 6, 6, 6, 6, 6, 6, 6, 17, 17, 17, 17, 17, 17, 17, 17, 17, 17, 17, 17, 17]